<<<<<<< HEAD
<step frame="250" pose="5.86 -6.15 -60.35 60.06 -2.34 2.05 -46.58 46.29 -4.1 3.81 29 -29.3 -17.58 17.29 11.72 -12.01 -3.22 2.93" />
<step frame="500" pose="0 -0.29 -60.35 60.06 -2.34 2.05 -46.58 46.29 -4.1 3.81 -131.54 131.25 3.22 -3.52 6.74 -7.03 -3.22 2.93" />
<step frame="625" pose="29 -29.3 19.92 -20.21 -104.59 104.3 -46.58 46.29 -4.1 3.81 -133.89 133.59 -114.55 114.26 94.63 -94.92 -2.34 2.05" />
<step frame="750" pose="-34.57 34.28 -72.66 72.36 -16.99 16.7 -46.29 46 0 -0.29 -126.56 126.27 -138.87 138.57 56.54 -56.84 0 -0.29" />
<step frame="1000" pose="-81.15 80.86 -68.26 67.97 -14.65 14.36 -45.12 45.12 -1.46 1.17 -50.1 49.8 -79.69 79.39 39.55 -39.84 -1.46 1.17" />
=======
<step frame="25" pose="-81.45 81.15 -0.88 0.59 -14.65 14.36 -46.58 46.29 -1.17 0.88 -48.63 48.34 -67.38 67.09 30.76 -31.05 -1.17 0.88" />
<step frame="50" pose="-44.24 43.95 -4.69 4.39 -3.22 2.93 -46.58 46.29 -1.17 0.88 -48.63 48.34 -67.38 67.09 30.76 -31.05 -1.17 0.88" />
<step frame="175" pose="29 -29.3 19.92 -20.21 -104.59 104.3 -46.58 46.29 -4.1 3.81 -133.89 133.59 -114.55 114.26 94.63 -94.92 -2.34 2.05" />
<step frame="300" pose="-34.57 34.28 -72.66 72.36 -16.99 16.7 -46.29 46 0 -0.29 -126.56 126.27 -138.87 138.57 56.54 -56.84 0 -0.29" />
<step frame="550" pose="-81.15 80.86 -68.26 67.97 -14.65 14.36 -45.12 45.12 -1.46 1.17 -50.1 49.8 -79.69 79.39 39.55 -39.84 -1.46 1.17" />
>>>>>>> 2cff0cab9e6e336141bf20be103544af62b01740
